TF_Name	Positive	Negative	Target	Reg_Score	FDR	Direction
FOXN3	40	61	101	-3.31626175892047	0	REPRESSED
E2F7	79	37	116	2.98247571088069	0	ACTIVATED
FOXM1	176	52	228	3.8090221132062	0	ACTIVATED
ZHX3	72	107	179	-3.4741077944953	0	REPRESSED
AFF4	65	95	160	-3.5212375292048	0	REPRESSED
ATAD2	110	52	162	3.63093237123408	0	ACTIVATED
UHRF1	132	46	178	3.69827466956728	0	ACTIVATED
PSMC3IP	94	33	127	3.51661827297062	0	ACTIVATED
HLF	111	58	169	-3.24075162998067	0	REPRESSED
HOXB7	74	45	119	3.04306536480174	0	ACTIVATED
ILF3	89	24	113	3.29046699309986	0	ACTIVATED
AFF3	70	30	100	-3.25179052215265	0	REPRESSED
MYBL2	126	35	161	3.77911811785487	0	ACTIVATED
NFIA	99	55	154	-3.54656324089366	0	REPRESSED
ZNF219	58	52	110	-2.93652733291836	0	REPRESSED
PML	74	31	105	2.92413727804488	0	ACTIVATED
ZNF654	55	77	132	-2.82441184248292	0	REPRESSED
ZNF695	64	54	118	2.8624351519059	0	ACTIVATED
RBL1	123	37	160	3.51049750315224	0	ACTIVATED
PKNOX2	68	65	133	-2.94506461071874	0	REPRESSED
TOP2A	147	51	198	3.66916214447642	0	ACTIVATED
ZBTB16	97	40	137	-3.55299951922113	0	REPRESSED
FOXP2	83	30	113	-2.95050593769089	0	REPRESSED
CHAF1A	64	43	107	3.12367000141892	0	ACTIVATED
CBX3	68	61	129	3.5809713761984	0	ACTIVATED
GDF7	113	82	195	-3.5040230347153	0	REPRESSED
HELLS	102	38	140	3.67770640945558	0	ACTIVATED
IL11	70	78	148	3.61652677782664	0	ACTIVATED
MCM2	111	42	153	3.4209825264678	0	ACTIVATED
ASF1B	98	50	148	3.73541101498228	0	ACTIVATED
CENPK	107	48	155	3.66050822050318	0	ACTIVATED
TTF2	96	37	133	3.14694153203396	0	ACTIVATED
TIMELESS	111	16	127	3.89716946221287	0	ACTIVATED
TRIP13	115	77	192	3.62877345660859	0	ACTIVATED
TADA2B	126	98	224	-3.02759276335089	0	REPRESSED
MYOCD	195	51	246	-3.50439093892817	0	REPRESSED
TRAIP	73	45	118	3.25672614225505	0	ACTIVATED
MAGI3	83	67	150	-3.12566548834647	0	REPRESSED
PIAS2	80	47	127	-3.11448817441548	0	REPRESSED
SGSM2	59	49	108	-3.20623048668601	0	REPRESSED
PARP14	112	52	164	3.43528734995343	2.326e-05	ACTIVATED
GABPB1	54	53	107	3.34991953531406	2.381e-05	ACTIVATED
MSH2	85	27	112	2.94989072211053	2.439e-05	ACTIVATED
CSRNP1	63	115	178	-2.97405773291412	6.522e-05	REPRESSED
CBX7	125	108	233	-3.53322989086733	6.667e-05	REPRESSED
SALL4	67	68	135	2.93259533520956	6.818e-05	ACTIVATED
PURA	53	47	100	-2.88692112547107	8.511e-05	REPRESSED
USP16	64	46	110	-2.6781430927701	9.804e-05	REPRESSED
CDCA7	56	48	104	3.03709826316625	1e-04	ACTIVATED
MAPK4	72	37	109	-2.97494955155359	0.000102	REPRESSED
ZZEF1	74	74	148	-3.21045593550711	0.0001042	REPRESSED
ZNF862	54	60	114	-3.3033726089081	0.0001154	REPRESSED
ID4	137	72	209	-2.85867784985881	0.0001509	REPRESSED
MXI1	112	95	207	-3.28376658744466	0.0002222	REPRESSED
KAT2B	136	84	220	-3.40220910556551	0.0002727	REPRESSED
PTTG1	177	67	244	3.4828468655502	0.0002857	ACTIVATED
MCM4	127	31	158	3.2441269579053	0.000386	ACTIVATED
CRTC1	79	61	140	-3.01151091913718	0.0004655	REPRESSED
HAND2	59	41	100	-2.5970508523102	0.0005085	REPRESSED
PHF5A	60	45	105	3.01214422381758	0.000541	ACTIVATED
SETD7	76	53	129	-3.01538222719924	0.00055	REPRESSED
HDAC5	89	67	156	-3.037654088671	0.0005806	REPRESSED
TMPO	105	62	167	3.18244343610758	0.0006825	ACTIVATED
SETBP1	93	25	118	-3.15378744070772	0.0007344	REPRESSED
TAF6	63	42	105	3.00928711769912	0.0007538	ACTIVATED
CRY2	48	53	101	-3.27982484732303	0.0008182	REPRESSED
MSC	80	30	110	2.66052033589061	0.0008657	ACTIVATED
GAS7	62	52	114	-2.93382509878794	0.0009265	REPRESSED
ZRANB3	63	39	102	2.54231515246089	0.000942	ACTIVATED
LMO3	106	32	138	-2.98653616439214	0.0009714	REPRESSED
ELL2	137	106	243	-2.67343843541646	0.00107	REPRESSED
LOXL2	152	88	240	2.90586317743211	0.001097	ACTIVATED
TERF2	72	81	153	1.41538089521476	0.001288	ACTIVATED
SUV39H1	91	32	123	3.14076459300585	0.001365	ACTIVATED
RFX8	73	65	138	2.49176655967035	0.0014	ACTIVATED
RUVBL1	125	71	196	3.24827610735106	0.001513	ACTIVATED
GAB1	68	36	104	-3.12201049073261	0.00174	REPRESSED
FOSL2	79	55	134	-3.07380280738883	0.002128	REPRESSED
ZCWPW2	58	54	112	-2.95303677034527	0.002225	REPRESSED
TCEAL2	201	93	294	-3.34343850608891	0.002235	REPRESSED
TFAP4	132	85	217	3.18353514287087	0.002253	ACTIVATED
SMARCA2	63	60	123	-2.91514339278103	0.002928	REPRESSED
MMP14	77	59	136	3.00648165098969	0.002939	ACTIVATED
KMT5C	59	57	116	2.59444101777243	0.003845	ACTIVATED
HELZ2	86	69	155	2.9306982599306	0.003859	ACTIVATED
CKS1B	86	49	135	3.11065461826646	0.004442	ACTIVATED
TRAK2	111	49	160	-2.85590339510188	0.004759	REPRESSED
TBC1D14	77	41	118	-3.10707146283615	0.005114	REPRESSED
FOXP3	75	35	110	2.75629994150807	0.005124	ACTIVATED
BMP3	158	72	230	-3.2019672792114	0.005275	REPRESSED
ABCG4	134	68	202	-1.50143749655355	0.005289	REPRESSED
RNF2	59	74	133	1.92975592134706	0.005783	ACTIVATED
FANCL	67	43	110	2.64478460645352	0.006731	ACTIVATED
ZNF846	112	178	290	-3.39623360697442	0.006755	REPRESSED
ETV7	77	35	112	2.7680936534311	0.007684	ACTIVATED
RERE	61	46	107	-2.59822118641614	0.007833	REPRESSED
HIF3A	57	44	101	-2.82378414883424	0.008598	REPRESSED
CASZ1	67	35	102	-2.81751492970121	0.008694	REPRESSED
ITSN2	57	47	104	-2.88366671630369	0.008747	REPRESSED
EFCAB6	99	58	157	-2.81281161851665	0.00895	REPRESSED
SIRT4	46	57	103	-1.59263788806475	0.009455	REPRESSED
PRDM6	104	48	152	-2.81812333616136	0.009755	REPRESSED
PEG3	56	53	109	-3.08134601445836	0.01032	REPRESSED
ZBTB4	137	103	240	-3.13426245534977	0.01104	REPRESSED
IRF9	49	51	100	2.56452930301323	0.01171	ACTIVATED
CDK9	91	75	166	2.22992706308664	0.01177	ACTIVATED
SATB1	64	47	111	-2.84790297628485	0.0127	REPRESSED
BTG2	92	40	132	-2.8401396812208	0.01333	REPRESSED
MTERF2	88	61	149	-2.63293428023071	0.01339	REPRESSED
MYO9A	70	86	156	-2.95656548272593	0.01425	REPRESSED
SAP30L	59	47	106	-3.00349106080701	0.0151	REPRESSED
SPI1	148	19	167	3.00538916418949	0.01591	ACTIVATED
NKRF	115	39	154	3.05932153845073	0.01616	ACTIVATED
HNRNPD	89	44	133	2.78147583374121	0.01618	ACTIVATED
ZNF207	54	55	109	2.76158546151162	0.01668	ACTIVATED
CAD	73	32	105	2.68270113348114	0.01828	ACTIVATED
ZNF880	98	39	137	-2.44429928613876	0.01915	REPRESSED
CAMTA2	84	51	135	-2.7798856004692	0.01999	REPRESSED
MCM5	72	77	149	2.77308028870502	0.02042	ACTIVATED
SUV39H2	109	65	174	3.01325958818598	0.02101	ACTIVATED
NR3C2	131	56	187	-2.94986528649903	0.02117	REPRESSED
TGIF2	55	54	109	2.53810496855944	0.02134	ACTIVATED
ZNF280C	70	38	108	2.45224084674336	0.02146	ACTIVATED
AFF1	78	104	182	-2.98761819374816	0.02261	REPRESSED
CD86	171	77	248	2.90151835456991	0.02306	ACTIVATED
DEAF1	137	116	253	-2.81882602371561	0.02352	REPRESSED
RFX2	44	65	109	-2.84628734277513	0.02438	REPRESSED
DDX17	119	103	222	-3.01541401749651	0.02484	REPRESSED
ZCCHC24	94	11	105	-2.67557390286498	0.02598	REPRESSED
RBSN	63	85	148	-2.66773987739738	0.02605	REPRESSED
SOS2	46	59	105	-2.78140066729525	0.02991	REPRESSED
ICAM1	85	43	128	2.90737674270971	0.0344	ACTIVATED
PBX1	80	63	143	-3.18039611667934	0.03514	REPRESSED
ZBTB2	77	55	132	2.90080176864895	0.03573	ACTIVATED
SGSM1	79	45	124	-3.08573623149061	0.03579	REPRESSED
SNAPC3	67	45	112	-2.77716934107849	0.03673	REPRESSED
MOV10	55	49	104	2.6595957875076	0.03855	ACTIVATED
WDTC1	60	40	100	-2.66501298580554	0.04191	REPRESSED
KLF9	48	53	101	-2.7735101710965	0.04222	REPRESSED
TNNI2	54	59	113	2.17370305075724	0.04569	ACTIVATED
HOPX	106	26	132	-2.34007665731761	0.04616	REPRESSED
TCEAL3	65	46	111	-2.40454565429562	0.04617	REPRESSED
EZH1	111	83	194	-3.22117622021888	0.04754	REPRESSED
AATF	59	42	101	2.91519501176672	0.04762	ACTIVATED
